2 0.3421875 0.3015625 0.26796875 0.265625
5 0.3546875 0.36875 0.0875 0.05078125
3 0.58828125 0.296875 0.234375 0.26015625
4 0.56015625 0.34609375 0.0703125 0.05
0 0.20234375 0.5265625 0.06953125 0.06640625
0 0.6046875 0.4234375 0.03125 0.0390625
0 0.77109375 0.59375 0.06484375 0.08828125
1 0.9625 0.54140625 0.059375 0.07265625
1 0.815625 0.471875 0.05078125 0.05390625
1 0.71796875 0.51171875 0.059375 0.05859375
1 0.6453125 0.45703125 0.04296875 0.0578125
1 0.571875 0.4421875 0.0390625 0.053125
1 0.303125 0.4578125 0.0375 0.04296875