2 0.534375 0.31640625 0.20625 0.22421875
5 0.56796875 0.37265625 0.071875 0.05
3 0.7546875 0.303125 0.259375 0.26796875
4 0.7625 0.3515625 0.09609375 0.05390625
1 0.74609375 0.46953125 0.04453125 0.059375
1 0.6578125 0.521875 0.0578125 0.078125
1 0.6765625 0.43828125 0.0359375 0.04765625
1 0.5515625 0.48046875 0.03984375 0.0578125
1 0.47109375 0.4578125 0.03984375 0.04921875
1 0.4328125 0.4265625 0.028125 0.040625
0 0.34453125 0.45234375 0.0359375 0.046875
0 0.28671875 0.43515625 0.0296875 0.04453125