3 0.5578125 0.3203125 0.46875 0.459375
2 0.16796875 0.32890625 0.33515625 0.43046875
5 0.21484375 0.4375 0.12109375 0.05859375
4 0.55703125 0.396875 0.12734375 0.0703125
1 0.078125 0.54453125 0.053125 0.06015625
1 0.33359375 0.65859375 0.08125 0.1078125
1 0.5359375 0.71171875 0.096875 0.1234375
1 0.6328125 0.521875 0.04296875 0.06171875
1 0.7765625 0.5375 0.05390625 0.075
0 0.48359375 0.5265625 0.0453125 0.05859375
0 0.4546875 0.86484375 0.12265625 0.16796875
0 0.9640625 0.40390625 0.04140625 0.0390625