2 0.15078125 0.60703125 0.3015625 0.7453125
3 0.17109375 0.2578125 0.2640625 0.515625
5 0.071875 0.70625 0.05546875 0.23984375
4 0.11484375 0.32109375 0.02109375 0.1484375
0 0.50859375 0.37265625 0.03671875 0.04765625
0 0.64453125 0.321875 0.0359375 0.046875
0 0.83125 0.33046875 0.0359375 0.04765625
1 0.5234375 0.7296875 0.0484375 0.07734375
1 0.59921875 0.2421875 0.03125 0.04296875
1 0.7421875 0.22734375 0.0359375 0.053125
1 0.51015625 0.309375 0.03828125 0.04921875
1 0.70625 0.32578125 0.04140625 0.05234375
1 0.5328125 0.3375 0.0359375 0.05078125