0 0.30078125 0.5171875 0.0609375 0.08984375
1 0.22578125 0.48671875 0.046875 0.06796875
1 0.4703125 0.49375 0.03046875 0.040625
1 0.5453125 0.503125 0.028125 0.040625
1 0.68828125 0.52578125 0.028125 0.046875
1 0.67265625 0.509375 0.021875 0.0328125
1 0.8421875 0.5359375 0.0203125 0.040625
0 0.809375 0.5484375 0.0390625 0.06484375
3 0.3953125 0.3640625 0.16796875 0.275
2 0.16953125 0.31875 0.28203125 0.38046875
5 0.125 0.425 0.109375 0.08203125
4 0.3484375 0.42734375 0.03984375 0.0625
0 0.51484375 0.496875 0.02734375 0.0375