5 0.3453125 0.3578125 0.07421875 0.03515625
4 0.52109375 0.33046875 0.0484375 0.0390625
2 0.365625 0.27734375 0.21640625 0.2484375
3 0.5625 0.28671875 0.15390625 0.2015625
0 0.45234375 0.42109375 0.02421875 0.03359375
1 0.6359375 0.44609375 0.0296875 0.0390625
1 0.70625 0.4265625 0.0265625 0.034375
1 0.80625 0.40390625 0.0265625 0.03046875
1 0.9546875 0.4296875 0.034375 0.046875
1 0.56953125 0.40390625 0.0171875 0.02578125
1 0.5859375 0.37421875 0.015625 0.02734375
0 0.634375 0.39296875 0.01796875 0.02890625