2 0.23359375 0.39453125 0.275 0.29296875
5 0.2328125 0.47890625 0.09453125 0.0578125
3 0.4671875 0.40546875 0.19921875 0.23984375
4 0.43125 0.4640625 0.0640625 0.0484375
0 0.21015625 0.528125 0.04609375 0.06015625
1 0.23984375 0.51875 0.0328125 0.046875
1 0.4890625 0.51015625 0.028125 0.03984375
1 0.55234375 0.5078125 0.03203125 0.04375
1 0.646875 0.5140625 0.0390625 0.05078125
1 0.69453125 0.50703125 0.03203125 0.04765625
0 0.71953125 0.5171875 0.04296875 0.05859375
0 0.50234375 0.5046875 0.02265625 0.04140625