2 0.4546875 0.27421875 0.25 0.27890625
3 0.73203125 0.28671875 0.26640625 0.2765625
5 0.47421875 0.3515625 0.08046875 0.0484375
4 0.7 0.3375 0.08359375 0.05234375
0 0.19453125 0.46953125 0.04921875 0.05703125
0 0.75703125 0.6453125 0.0765625 0.10234375
1 0.765625 0.54140625 0.05703125 0.0765625
1 0.65859375 0.44296875 0.0328125 0.05078125
1 0.7390625 0.4625 0.03671875 0.0484375
1 0.96015625 0.51171875 0.05625 0.06796875
1 0.3609375 0.421875 0.0375 0.0484375
0 0.7125 0.421875 0.03515625 0.04453125