0 0.2921875 0.4578125 0.0359375 0.03671875
0 0.34453125 0.4890625 0.0328125 0.03828125
1 0.44453125 0.4609375 0.0234375 0.04453125
1 0.4859375 0.50625 0.03515625 0.0578125
1 0.5671875 0.55234375 0.03671875 0.05234375
1 0.6875 0.63984375 0.05859375 0.06484375
1 0.7859375 0.5578125 0.06171875 0.05390625
1 0.71640625 0.5 0.0328125 0.0484375
4 0.8140625 0.3984375 0.084375 0.05546875
5 0.6015625 0.4015625 0.065625 0.0609375
2 0.56484375 0.34140625 0.203125 0.23984375
3 0.81328125 0.3578125 0.28046875 0.2671875