2 0.28203125 0.296875 0.23515625 0.2359375
3 0.48203125 0.2796875 0.1765625 0.19140625
5 0.2796875 0.36171875 0.08046875 0.040625
4 0.4453125 0.3265625 0.06171875 0.0421875
0 0.28515625 0.4546875 0.03828125 0.05
0 0.71875 0.42890625 0.0375 0.04765625
1 0.29140625 0.4171875 0.0296875 0.0359375
1 0.6515625 0.40703125 0.02734375 0.0421875
1 0.80703125 0.40234375 0.034375 0.0375
1 0.69296875 0.38515625 0.02890625 0.0328125
1 0.5078125 0.38984375 0.02265625 0.03359375
1 0.5671875 0.39453125 0.02265625 0.0328125
0 0.51953125 0.37265625 0.0203125 0.02265625