2 0.484375 0.23984375 0.21484375 0.234375
3 0.7125 0.23359375 0.22109375 0.228125
5 0.4953125 0.29921875 0.06875 0.0421875
4 0.6953125 0.275 0.07421875 0.04453125
1 0.75859375 0.3234375 0.02265625 0.0359375
1 0.86328125 0.415625 0.04140625 0.05234375
1 0.928125 0.48828125 0.0484375 0.06484375
1 0.64453125 0.4234375 0.0359375 0.04765625
1 0.61953125 0.36953125 0.0265625 0.0328125
1 0.4859375 0.440625 0.03203125 0.04765625
0 0.43984375 0.384375 0.0265625 0.0390625
0 0.7359375 0.36015625 0.034375 0.04453125