2 0.37265625 0.35 0.1984375 0.2140625
3 0.5625 0.3578125 0.1578125 0.19140625
5 0.36796875 0.41171875 0.06953125 0.03984375
4 0.528125 0.3921875 0.05546875 0.0390625
1 0.3625 0.471875 0.02890625 0.03125
0 0.3328125 0.50859375 0.034375 0.04296875
0 0.7453125 0.54296875 0.034375 0.046875
1 0.56796875 0.465625 0.01953125 0.0296875
1 0.62578125 0.46953125 0.02265625 0.0296875
1 0.6953125 0.50546875 0.03203125 0.03984375
1 0.7578125 0.48515625 0.02265625 0.03125
1 0.859375 0.51953125 0.03515625 0.0453125
0 0.58359375 0.453125 0.025 0.02734375
0 0.671875 0.39453125 0.01640625 0.01640625