2 0.32734375 0.32734375 0.2140625 0.21953125
5 0.3265625 0.37578125 0.06484375 0.05078125
3 0.5046875 0.31484375 0.14453125 0.1859375
4 0.47265625 0.34609375 0.04453125 0.0359375
0 0.2859375 0.47421875 0.03203125 0.04140625
0 0.44453125 0.4640625 0.03203125 0.04140625
1 0.36015625 0.43359375 0.028125 0.03359375
1 0.5515625 0.43984375 0.02890625 0.0375
1 0.578125 0.40625 0.02109375 0.03359375
1 0.6609375 0.43671875 0.02890625 0.03671875
1 0.69296875 0.409375 0.025 0.03828125
1 0.78984375 0.43125 0.02890625 0.0390625