3 0.71484375 0.33203125 0.19765625 0.1234375
2 0.515625 0.3203125 0.1890625 0.13984375
5 0.5296875 0.3359375 0.078125 0.040625
4 0.7 0.33828125 0.07578125 0.0421875
1 0.73671875 0.49140625 0.03671875 0.02578125
1 0.746875 0.45 0.05234375 0.034375
1 0.64140625 0.46015625 0.02890625 0.021875
1 0.6796875 0.41484375 0.02578125 0.0203125
1 0.5578125 0.43828125 0.028125 0.02265625
1 0.45546875 0.39140625 0.01640625 0.01953125
0 0.35234375 0.40859375 0.03046875 0.01953125
0 0.440625 0.43125 0.021875 0.02109375