3 0.82578125 0.34921875 0.27265625 0.28359375
2 0.5734375 0.3390625 0.2046875 0.240625
5 0.603125 0.39609375 0.0765625 0.0546875
4 0.821875 0.39375 0.1015625 0.0609375
1 0.7953125 0.55390625 0.06171875 0.07421875
1 0.721875 0.49609375 0.03828125 0.046875
1 0.696875 0.63828125 0.06953125 0.10703125
1 0.58125 0.54609375 0.05390625 0.06875
1 0.49296875 0.5046875 0.03984375 0.05625
1 0.45234375 0.446875 0.028125 0.04140625
0 0.3484375 0.4828125 0.040625 0.05625
0 0.296875 0.4546875 0.03125 0.0484375